[gd_scene format=3 uid="uid://dftwxc1h7qf6"]

[ext_resource type="PackedScene" uid="uid://dhv3a8b07vq6e" path="res://level/level_base.tscn" id="1_hby2w"]
[ext_resource type="FontFile" uid="uid://bjmysapvfhjs6" path="res://Assets/public-pixel-font/PublicPixel-rv0pA.ttf" id="3_aspk5"]
[ext_resource type="PackedScene" uid="uid://dhnl8td8lwuqa" path="res://Assets/Environment/Battery/Battery.fbx" id="3_hby2w"]
[ext_resource type="PackedScene" uid="uid://d2flqi5b2k0du" path="res://Assets/Environment/Barrel/Barrel.fbx" id="4_iea1r"]
[ext_resource type="PackedScene" uid="uid://xpnst6ktv7r7" path="res://Assets/Environment/Door/Door.fbx" id="5_aspk5"]
[ext_resource type="PackedScene" uid="uid://cj3ece51e36hn" path="res://Assets/Environment/Wheel/Wheel.fbx" id="6_qfgrg"]

[sub_resource type="Gradient" id="Gradient_blww0"]
offsets = PackedFloat32Array(0)
colors = PackedColorArray(0.5137255, 0.5137255, 0.5137255, 1)

[sub_resource type="GradientTexture2D" id="GradientTexture2D_jhgna"]
gradient = SubResource("Gradient_blww0")
fill_to = Vector2(1, 1)

[node name="Level5" unique_id=1165694411 instance=ExtResource("1_hby2w")]
level_num = 5
max_time = 40.0
silver_time = 25.0
gold_time = 34.0

[node name="GridMap" parent="." index="0" unique_id=1669079711]
data = {
"cells": PackedInt32Array(65535, 65535, 0, 0, 65535, 0, 65534, 65535, 0, 65533, 65535, 0, 65532, 65535, 0, 131068, 65535, 0, 196604, 65535, 0, 262140, 65535, 0, 327676, 65535, 0, 393212, 65535, 0, 458748, 65535, 0, 524284, 65535, 0, 4, 65535, 655360, 3, 65535, 655360, 65539, 65535, 655360, 65540, 65535, 655360, 131076, 65535, 655360, 131075, 65535, 655360, 196612, 65535, 655360, 196611, 65535, 655360, -65532, 65535, 655360, -65533, 65535, 655360, -131069, 65535, 655360, -131068, 65535, 655360, -196604, 65535, 655360, -196605, 65535, 655360, -196606, 65535, 655360, -196607, 65535, 655360, -196608, 65535, 655360, -131072, 65535, 655360, -65536, 65535, 655360, 589820, 65535, 655360, 655356, 65535, 655360, 720892, 65535, 655360, 196613, 65535, 655360, 327680, 65535, 655360, 393215, 65535, 655360, 393214, 65535, 655360, 393213, 65535, 655360, 458758, 65535, 0, 393222, 65535, 0, 327686, 65535, 0, 262150, 65535, 0, 196614, 65535, 0, 458759, 65535, 0, 393223, 65535, 0, 327687, 65535, 0, 262151, 65535, 0, 196615, 65535, 0, 786428, 65535, 0, 851964, 65535, 0, 917500, 65535, 0, 917501, 65535, 0, 917502, 65535, 0, 917503, 65535, 0, 851968, 65535, 0, 851969, 65535, 0, 851970, 65535, 0, 851971, 65535, 0, 851972, 65535, 0, 851973, 65535, 0, 851974, 65535, 0, 851975, 65535, 0, 851976, 65535, 0, 786440, 65535, 0, 720904, 65535, 0, 458760, 65535, 0, 458761, 65535, 0, 458762, 65535, 0, 458763, 65535, 0, 524299, 65535, 0, 589835, 65535, 0, 655371, 65535, 0, 720907, 65535, 0, 720905, 65535, 0, 720906, 65535, 0, 131069, 65535, 655361, 393216, 65535, 655360, 458752, 65535, 655360, 458751, 65535, 0, 524287, 65535, 655360, 458750, 65535, 0, 458749, 65535, 0, 458757, 65535, 1, 393221, 65535, 655360, 327685, 65535, 655360, 262149, 65535, 655360, 524288, 65535, 655361, 589823, 65535, 1, 524286, 65535, 0, 524285, 65535, 0)
}
metadata/_editor_floor_ = Vector3(0, 7, 0)

[node name="Label3D" type="Label3D" parent="." index="5" unique_id=1379153844]
transform = Transform3D(1, 0, 0, 0, 1, 0, 0, 0, 1, 2.155427, 3.867835, -1.1307874)
pixel_size = 0.01
render_priority = 5
outline_render_priority = 4
text = "> Hold & release Shift to reverse time
(Hint: \"Momentum\")"
font = ExtResource("3_aspk5")

[node name="ExitDoor" parent="." index="6" unique_id=1259731798]
transform = Transform3D(1, 0, 0, 0, 1, 0, 0, 0, 1, 40, 12.2, 0)

[node name="Sprite3D5" type="Sprite3D" parent="ExitDoor" index="2" unique_id=1505454012]
transform = Transform3D(148.0797, 0, 0, 0, 68.83118, 0, 0, 0, 1, -24.47839, -3.2679863, -2)
texture = SubResource("GradientTexture2D_jhgna")

[node name="Battery" parent="Decorations" parent_id_path=PackedInt32Array(277369920) index="0" unique_id=33444232 instance=ExtResource("3_hby2w")]
transform = Transform3D(0.8677741, 0, 0.4969588, 0, 1, 0, -0.4969588, 0, 0.8677741, 6.4698906, -7.9876204, -1.0321932)

[node name="Battery2" parent="Decorations" parent_id_path=PackedInt32Array(277369920) index="1" unique_id=623942204 instance=ExtResource("3_hby2w")]
transform = Transform3D(0.7546295, 0, 0.6561513, 0, 1, 0, -0.6561513, 0, 0.7546295, 7.0838156, -7.9876204, -1.6495564)

[node name="Battery3" parent="Decorations" parent_id_path=PackedInt32Array(277369920) index="2" unique_id=1346318363 instance=ExtResource("3_hby2w")]
transform = Transform3D(0.7546295, 0, 0.6561513, 0, 1, 0, -0.6561513, 0, 0.7546295, 6.7201405, -7.426448, -1.324642)

[node name="Battery4" parent="Decorations" parent_id_path=PackedInt32Array(277369920) index="3" unique_id=1467836961 instance=ExtResource("3_hby2w")]
transform = Transform3D(0.52889764, 0, -0.84868574, 0, 1, 0, 0.84868574, 0, 0.52889764, 12.9632435, -7.9876204, -1.8192812)

[node name="Battery5" parent="Decorations" parent_id_path=PackedInt32Array(277369920) index="4" unique_id=2017467583 instance=ExtResource("3_hby2w")]
transform = Transform3D(0.6837706, 0, -0.7296969, 0, 1, 0, 0.7296969, 0, 0.6837706, 13.603019, -7.9876204, -1.2287483)

[node name="Battery6" parent="Decorations" parent_id_path=PackedInt32Array(277369920) index="5" unique_id=1021417192 instance=ExtResource("3_hby2w")]
transform = Transform3D(0.6837706, 0, -0.7296969, 0, 1, 0, 0.7296969, 0, 0.6837706, 13.083444, -7.426448, -1.3975052)

[node name="Barrel" parent="." index="12" unique_id=683287488 instance=ExtResource("4_iea1r")]
transform = Transform3D(1, 0, 0, 0, 1, 0, 0, 0, 1, -9.324104, 12, -1.3472137)

[node name="Door2" parent="." index="13" unique_id=667405259 instance=ExtResource("5_aspk5")]
transform = Transform3D(2.7515373, 0, 0, 0, 2.7515373, 0, 0, 0, 1, 29.987879, 11.882885, -1.9944458)

[node name="Wheel" parent="." index="14" unique_id=883719870 instance=ExtResource("6_qfgrg")]
transform = Transform3D(0.9398477, 0.34159368, 0, -0.34159368, 0.9398477, 0, 0, 0, 1, 21.789268, 4.36, -1.6163286)

[node name="Wheel2" parent="." index="15" unique_id=75956134 instance=ExtResource("6_qfgrg")]
transform = Transform3D(0.8013863, 0.29126903, 0.5224391, -0.34159374, 0.9398478, 0, -0.49101317, -0.1784619, 0.85267663, 21.789268, 4.36, -0.8118254)

[node name="Wheel3" parent="." index="16" unique_id=212598108 instance=ExtResource("6_qfgrg")]
transform = Transform3D(0.8710072, -0.082714885, 0.4842569, -0.015892332, 0.980464, 0.19605573, -0.49101317, -0.17846188, 0.8526766, 21.91806, 4.932768, -1.2956907)
